ACW-799 13 14 14 31
AHR-856 7 0 8 26
AJY-424 10 54 12 9
ANF-997 6 17 8 3
ANT-170 10 27 12 2
AOU-781 12 8 13 20
AVY-894 6 15 7 33
BIB-666 11 45 13 7
BIJ-348 17 18 18 56
BSD-809 9 3 10 24
BVX-430 10 46 12 3
BZX-116 15 44 17 10
CAN-252 7 9 8 57
CCI-417 15 45 17 10
CEQ-702 17 14 18 25
COV-427 12 29 13 57
CQM-593 19 57 21 29
CRZ-211 7 4 8 23
CUP-476 19 12 20 28
DCV-860 15 9 16 51
DNK-752 10 49 12 2
DRO-722 20 25 21 31
DUN-492 19 17 21 10
DUO-691 12 16 14 9
DXJ-132 16 17 17 20
DZV-238 12 10 13 19
DZW-809 6 26 8 10
EAF-976 12 43 13 44
EBD-866 11 19 12 44
EGM-432 8 58 10 16
ENF-817 14 21 15 24
EVJ-817 7 50 9 18
FOD-954 9 56 11 44
GBT-583 6 35 8 32
GBY-628 14 54 16 13
GDG-841 11 14 12 46
GIT-136 16 41 18 11
GVB-358 17 51 19 5
GXJ-255 12 24 14 16
HDM-201 12 57 14 31
HHN-981 19 14 21 23
HRM-886 14 57 16 12
IFP-464 12 19 13 35
IGA-812 8 0 10 12
IGI-697 11 24 12 55
IPF-342 9 7 10 22
IRE-878 19 57 22 0
IXU-478 7 21 9 6
IYA-363 17 31 18 50
JAN-415 12 54 14 32
JBC-453 11 27 12 53
JIS-167 16 14 17 38
JLZ-827 11 35 13 9
JPB-924 17 40 18 48
JYM-112 16 12 18 3
JYY-568 9 58 11 27
KCC-666 12 43 14 47
KDU-839 20 8 22 20
KEE-771 16 54 18 1
KEO-382 17 7 19 5
KHG-476 13 29 15 38
KJF-939 9 57 12 13
KPW-390 15 59 17 13
KRQ-990 15 58 18 0
KRW-966 12 56 15 2
KSD-687 17 10 18 57
KWX-130 16 48 18 14
KXL-767 13 53 14 51
LAB-103 7 25 8 37
LBB-313 10 29 12 20
LBZ-642 8 2 9 27
LIQ-669 16 38 18 0
LOC-186 18 25 20 22
LOE-855 12 15 13 58
LPX-982 15 20 17 27
LXT-673 14 35 16 19
MEE-911 13 22 15 3
MFD-162 17 17 19 16
MGI-382 10 13 12 7
MHR-541 18 53 20 13
MJH-289 13 48 15 20
MLZ-472 9 33 10 31
MMS-949 10 28 11 45
MOI-843 15 14 16 58
MWO-680 20 59 22 45
MYO-207 16 56 18 10
NPR-419 17 20 18 28
NQJ-152 16 56 18 11
NRH-967 7 27 9 21
NSM-658 14 29 15 42
OAT-328 17 26 18 39
ODZ-391 11 1 12 12
OYW-763 13 56 15 25
PAL-958 7 27 8 33
PJH-404 10 56 12 1
PLB-935 12 34 13 59
PVR-152 20 18 21 26
PWH-148 8 4 9 31
PWQ-509 17 22 18 43
PYP-756 18 39 20 0
QDY-669 11 35 13 33
QHR-146 7 55 9 20
QIQ-677 15 4 16 37
QIW-685 6 26 8 0
QLO-953 12 19 13 30
QLP-495 16 58 18 58
QTA-765 20 0 20 58
QUG-586 16 39 18 16
RCN-437 19 1 20 15
RDX-643 10 1 11 54
REB-528 11 11 12 16
REC-263 16 6 17 52
REY-831 6 57 8 49
RIN-366 16 50 18 29
RIN-632 13 37 15 32
RQA-219 10 52 12 9
RWA-135 9 31 10 26
SMI-792 7 26 8 49
SOZ-286 17 47 19 19
SQP-759 14 0 15 50
SXM-299 10 2 11 23
SYI-554 14 32 15 59
SZP-117 15 32 17 34
TIB-382 16 57 18 9
TLJ-509 6 4 7 31
TLM-786 15 31 16 51
TMA-338 20 23 21 32
TOW-520 13 54 15 41
TPQ-107 18 3 19 47
TTO-958 18 37 19 49
TVE-792 18 17 20 14
TVL-509 20 20 21 52
UAH-979 14 36 16 1
UDV-335 16 23 18 8
ULO-196 9 19 11 23
UXW-519 18 27 19 38
VAI-856 18 3 19 33
VBD-552 19 3 20 38
VEP-987 6 41 7 54
VJV-253 7 37 9 3
VND-401 20 25 21 38
VOW-763 10 24 12 6
VPM-742 9 35 10 42
VVJ-776 10 59 12 2
VVY-772 15 12 16 52
WBJ-706 6 51 8 9
WCQ-793 18 8 19 23
WSV-225 16 0 17 18
WUZ-748 11 30 13 3
WXQ-980 12 5 13 46
WYW-759 15 37 16 47
WYX-634 19 12 20 30
XBG-246 6 56 8 2
XDU-199 11 22 12 27
XES-972 15 59 17 6
XEW-447 11 58 13 14
XJU-790 7 42 8 58
XOS-780 18 6 18 58
XOU-513 8 3 9 16
XQE-678 6 48 7 51
XUL-568 13 33 14 38
YBE-878 11 25 12 27
YDX-618 18 57 20 23
YHC-736 17 40 19 17
YNG-677 7 57 9 33
YNT-992 11 25 13 7
YOG-608 11 33 13 28
YTG-756 7 51 8 54
YVF-713 13 25 15 11
YWA-957 14 11 15 38
YWB-474 9 38 11 32
YWI-396 9 58 11 12
YWO-651 15 40 16 53
YYS-439 8 36 9 39
ZVJ-638 6 20 7 31
